0.91223,-0.05701,0.40497,-0.02319
0.91223,-0.05701,0.40497,-0.02319
0.91223,-0.05707,0.40503,-0.02319
0.91223,-0.05707,0.40503,-0.02313
0.91223,-0.05713,0.40503,-0.02319
0.91223,-0.05713,0.40503,-0.02319
0.91223,-0.05713,0.40509,-0.02325
0.91217,-0.05713,0.40509,-0.02332
0.91217,-0.05719,0.40509,-0.02338
0.91217,-0.05719,0.40509,-0.02332
0.91217,-0.05719,0.40509,-0.02332
0.91217,-0.05719,0.40515,-0.02338
0.91217,-0.05719,0.40515,-0.02338
0.91217,-0.05719,0.40515,-0.02338
0.91217,-0.05719,0.40515,-0.02338
0.91217,-0.05725,0.40515,-0.02332
0.91217,-0.05725,0.40521,-0.02332
0.91217,-0.05725,0.40521,-0.02325
0.91217,-0.05731,0.40521,-0.02325
0.91211,-0.05731,0.40521,-0.02325
0.91211,-0.05731,0.40521,-0.02325
0.91211,-0.05731,0.40521,-0.02319
0.91211,-0.05737,0.40521,-0.02313
0.91217,-0.05737,0.40515,-0.02313
0.91217,-0.05743,0.40515,-0.02313
0.91217,-0.05743,0.40515,-0.02313
0.91217,-0.05743,0.40515,-0.02313
0.91217,-0.05743,0.40509,-0.02313
0.91217,-0.05750,0.40509,-0.02319
0.91217,-0.05750,0.40509,-0.02319
0.91217,-0.05750,0.40509,-0.02325
0.91217,-0.05750,0.40509,-0.02325
0.91217,-0.05750,0.40509,-0.02325
0.91217,-0.05750,0.40509,-0.02325
0.91217,-0.05750,0.40509,-0.02332
0.91217,-0.05750,0.40509,-0.02325
0.91217,-0.05750,0.40509,-0.02319
0.91217,-0.05750,0.40509,-0.02307
0.91217,-0.05750,0.40509,-0.02301
0.91217,-0.05750,0.40509,-0.02289
0.91217,-0.05743,0.40509,-0.02277
0.91217,-0.05743,0.40509,-0.02264
0.91217,-0.05743,0.40509,-0.02252
0.91217,-0.05737,0.40509,-0.02240
0.91217,-0.05737,0.40509,-0.02234
0.91217,-0.05737,0.40509,-0.02216
0.91217,-0.05737,0.40515,-0.02203
0.91217,-0.05743,0.40515,-0.02191
0.91217,-0.05750,0.40515,-0.02179
0.91217,-0.05750,0.40515,-0.02173
0.91217,-0.05750,0.40521,-0.02167
0.91217,-0.05756,0.40521,-0.02161
0.91211,-0.05756,0.40527,-0.02155
0.91211,-0.05756,0.40527,-0.02155
0.91211,-0.05756,0.40533,-0.02148
0.91211,-0.05756,0.40540,-0.02142
0.91205,-0.05756,0.40546,-0.02130
0.91205,-0.05756,0.40546,-0.02130
0.91205,-0.05756,0.40552,-0.02118
0.91199,-0.05743,0.40564,-0.02106
0.91199,-0.05743,0.40570,-0.02106
0.91193,-0.05737,0.40576,-0.02094
0.91193,-0.05731,0.40582,-0.02081
0.91187,-0.05731,0.40588,-0.02075
0.91187,-0.05725,0.40594,-0.02075
0.91187,-0.05725,0.40594,-0.02069
0.91187,-0.05719,0.40601,-0.02063
0.91180,-0.05719,0.40607,-0.02057
0.91180,-0.05713,0.40613,-0.02057
0.91180,-0.05713,0.40613,-0.02057
0.91180,-0.05713,0.40619,-0.02057
0.91174,-0.05713,0.40625,-0.02051
0.91174,-0.05707,0.40631,-0.02051
0.91174,-0.05713,0.40631,-0.02039
0.91168,-0.05713,0.40637,-0.02045
0.91168,-0.05713,0.40643,-0.02045
0.91168,-0.05713,0.40643,-0.02039
0.91162,-0.05713,0.40656,-0.02032
0.91156,-0.05707,0.40662,-0.02032
0.91156,-0.05707,0.40668,-0.02026
0.91156,-0.05707,0.40674,-0.02026
0.91150,-0.05701,0.40680,-0.02020
0.91144,-0.05701,0.40692,-0.02020
0.91144,-0.05701,0.40698,-0.02020
0.91144,-0.05695,0.40704,-0.02008
0.91138,-0.05695,0.40710,-0.02008
0.91132,-0.05688,0.40723,-0.01996
0.91132,-0.05688,0.40729,-0.01990
0.91125,-0.05688,0.40735,-0.01990
0.91125,-0.05682,0.40741,-0.01984
0.91125,-0.05682,0.40747,-0.01984
0.91125,-0.05676,0.40747,-0.01978
0.91119,-0.05676,0.40753,-0.01971
0.91119,-0.05670,0.40753,-0.01971
0.91119,-0.05664,0.40759,-0.01971
0.91119,-0.05664,0.40759,-0.01965
0.91119,-0.05658,0.40759,-0.01965
0.91119,-0.05658,0.40759,-0.01965
0.91119,-0.05652,0.40759,-0.01959
0.91119,-0.05646,0.40759,-0.01959
0.91119,-0.05646,0.40759,-0.01953
0.91125,-0.05640,0.40753,-0.01953
0.91125,-0.05640,0.40753,-0.01947
0.91125,-0.05634,0.40753,-0.01947
0.91125,-0.05627,0.40753,-0.01941
0.91125,-0.05634,0.40753,-0.01941
0.91125,-0.05634,0.40747,-0.01935
0.91125,-0.05627,0.40747,-0.01935
0.91125,-0.05627,0.40747,-0.01935
0.91132,-0.05634,0.40741,-0.01929
0.91132,-0.05634,0.40741,-0.01929
0.91132,-0.05634,0.40735,-0.01929
0.91138,-0.05634,0.40729,-0.01923
0.91138,-0.05634,0.40723,-0.01923
0.91138,-0.05634,0.40717,-0.01923
0.91144,-0.05634,0.40710,-0.01917
0.91150,-0.05634,0.40704,-0.01910
0.91150,-0.05634,0.40698,-0.01917
0.91156,-0.05634,0.40686,-0.01917
0.91156,-0.05634,0.40680,-0.01917
0.91162,-0.05634,0.40674,-0.01917
0.91162,-0.05634,0.40668,-0.01923
0.91168,-0.05640,0.40662,-0.01917
0.91174,-0.05640,0.40649,-0.01917
0.91174,-0.05646,0.40643,-0.01910
0.91174,-0.05646,0.40637,-0.01904
0.91180,-0.05652,0.40625,-0.01898
0.91187,-0.05652,0.40619,-0.01898
0.91187,-0.05658,0.40613,-0.01898
0.91187,-0.05658,0.40607,-0.01898
0.91193,-0.05658,0.40601,-0.01904
0.91193,-0.05658,0.40601,-0.01898
0.91193,-0.05658,0.40594,-0.01898
0.91199,-0.05658,0.40594,-0.01898
0.91199,-0.05658,0.40588,-0.01892
0.91199,-0.05658,0.40588,-0.01892
0.91199,-0.05658,0.40582,-0.01886
0.91199,-0.05664,0.40582,-0.01880
0.91199,-0.05664,0.40576,-0.01880
0.91205,-0.05664,0.40576,-0.01880
0.91205,-0.05670,0.40576,-0.01880
0.91205,-0.05670,0.40576,-0.01880
0.91205,-0.05670,0.40576,-0.01880
0.91205,-0.05670,0.40576,-0.01880
0.91199,-0.05676,0.40576,-0.01880
0.91199,-0.05676,0.40576,-0.01886
0.91199,-0.05682,0.40576,-0.01880
0.91199,-0.05682,0.40582,-0.01880
0.91199,-0.05682,0.40582,-0.01880
0.91199,-0.05688,0.40582,-0.01880
0.91199,-0.05688,0.40588,-0.01874
0.91193,-0.05695,0.40588,-0.01874
0.91193,-0.05695,0.40588,-0.01874
0.91193,-0.05695,0.40594,-0.01868
0.91193,-0.05695,0.40601,-0.01868
0.91187,-0.05695,0.40601,-0.01868
0.91187,-0.05695,0.40607,-0.01868
0.91187,-0.05695,0.40613,-0.01862
0.91187,-0.05695,0.40613,-0.01862
0.91180,-0.05695,0.40619,-0.01862
0.91180,-0.05695,0.40625,-0.01868
0.91180,-0.05695,0.40631,-0.01868
0.91174,-0.05695,0.40631,-0.01868
0.91174,-0.05695,0.40637,-0.01868
0.91174,-0.05695,0.40643,-0.01868
0.91168,-0.05695,0.40643,-0.01868
0.91168,-0.05695,0.40649,-0.01862
0.91168,-0.05701,0.40649,-0.01862
0.91168,-0.05701,0.40649,-0.01862
0.91168,-0.05701,0.40656,-0.01855
0.91168,-0.05707,0.40656,-0.01855
0.91162,-0.05707,0.40656,-0.01855
0.91162,-0.05707,0.40662,-0.01862
0.91162,-0.05713,0.40662,-0.01862
0.91162,-0.05713,0.40662,-0.01862
0.91162,-0.05713,0.40662,-0.01862
0.91162,-0.05719,0.40662,-0.01862
0.91162,-0.05719,0.40668,-0.01855
0.91162,-0.05719,0.40668,-0.01855
0.91156,-0.05725,0.40668,-0.01855
0.91156,-0.05725,0.40668,-0.01855
0.91156,-0.05731,0.40668,-0.01849
0.91156,-0.05731,0.40674,-0.01843
0.91156,-0.05737,0.40674,-0.01843
0.91156,-0.05737,0.40674,-0.01843
0.91156,-0.05743,0.40674,-0.01843
0.91156,-0.05743,0.40674,-0.01843
0.91156,-0.05743,0.40674,-0.01849
0.91156,-0.05743,0.40674,-0.01849
0.91156,-0.05750,0.40674,-0.01849
0.91156,-0.05750,0.40668,-0.01849
0.91156,-0.05756,0.40668,-0.01855
0.91162,-0.05762,0.40662,-0.01843
0.91162,-0.05762,0.40656,-0.01849
0.91162,-0.05762,0.40656,-0.01843
0.91162,-0.05762,0.40649,-0.01849
0.91162,-0.05768,0.40649,-0.01849
0.91168,-0.05774,0.40643,-0.01843
0.91168,-0.05774,0.40637,-0.01843
0.91168,-0.05774,0.40637,-0.01849
0.91174,-0.05780,0.40631,-0.01843
0.91174,-0.05780,0.40625,-0.01849
0.91174,-0.05786,0.40625,-0.01843
0.91174,-0.05786,0.40625,-0.01843
0.91174,-0.05786,0.40619,-0.01843
0.91174,-0.05792,0.40619,-0.01837
0.91174,-0.05792,0.40619,-0.01837
0.91174,-0.05792,0.40619,-0.01831
0.91174,-0.05792,0.40619,-0.01831
0.91174,-0.05792,0.40619,-0.01837
0.91174,-0.05792,0.40619,-0.01825
0.91174,-0.05798,0.40619,-0.01819
0.91174,-0.05798,0.40619,-0.01819
0.91174,-0.05804,0.40619,-0.01813
0.91174,-0.05804,0.40619,-0.01819
0.91174,-0.05811,0.40619,-0.01813
0.91174,-0.05811,0.40619,-0.01819
0.91174,-0.05811,0.40619,-0.01825
0.91174,-0.05817,0.40619,-0.01819
0.91174,-0.05817,0.40619,-0.01825
0.91174,-0.05817,0.40625,-0.01819
0.91174,-0.05817,0.40625,-0.01819
0.91174,-0.05817,0.40625,-0.01819
0.91174,-0.05817,0.40625,-0.01819
0.91174,-0.05817,0.40625,-0.01819
0.91174,-0.05817,0.40625,-0.01819
0.91174,-0.05817,0.40625,-0.01819
0.91168,-0.05817,0.40631,-0.01819
0.91168,-0.05817,0.40631,-0.01819
0.91168,-0.05817,0.40631,-0.01813
0.91168,-0.05823,0.40637,-0.01813
0.91168,-0.05823,0.40637,-0.01813
0.91168,-0.05817,0.40643,-0.01813
0.91162,-0.05817,0.40643,-0.01819
0.91162,-0.05817,0.40643,-0.01819
0.91162,-0.05817,0.40643,-0.01819
0.91162,-0.05817,0.40649,-0.01813
0.91162,-0.05817,0.40649,-0.01813
0.91162,-0.05817,0.40649,-0.01813
0.91162,-0.05823,0.40649,-0.01813
0.91162,-0.05823,0.40649,-0.01819
0.91162,-0.05823,0.40649,-0.01819
0.91162,-0.05823,0.40649,-0.01819
0.91156,-0.05829,0.40656,-0.01819
0.91162,-0.05829,0.40656,-0.01819
0.91156,-0.05829,0.40656,-0.01819
0.91156,-0.05829,0.40656,-0.01819
0.91156,-0.05829,0.40662,-0.01819
0.91156,-0.05829,0.40662,-0.01819
0.91156,-0.05835,0.40668,-0.01813
0.91150,-0.05829,0.40668,-0.01813
0.91150,-0.05829,0.40674,-0.01807
0.91150,-0.05829,0.40674,-0.01807
0.91150,-0.05829,0.40674,-0.01807
0.91150,-0.05829,0.40680,-0.01801
0.91150,-0.05829,0.40680,-0.01788
0.91150,-0.05829,0.40680,-0.01782
0.91150,-0.05829,0.40680,-0.01776
0.91144,-0.05829,0.40686,-0.01770
0.91144,-0.05829,0.40686,-0.01770
0.91144,-0.05823,0.40686,-0.01770
0.91144,-0.05823,0.40692,-0.01758
0.91144,-0.05823,0.40692,-0.01758
0.91144,-0.05823,0.40692,-0.01752
0.91144,-0.05823,0.40692,-0.01752
0.91144,-0.05823,0.40692,-0.01746
0.91144,-0.05823,0.40692,-0.01740
0.91144,-0.05817,0.40692,-0.01740
0.91144,-0.05817,0.40692,-0.01740
0.91144,-0.05817,0.40692,-0.01733
0.91144,-0.05811,0.40686,-0.01733
0.91150,-0.05811,0.40686,-0.01727
0.91150,-0.05804,0.40686,-0.01721
0.91150,-0.05804,0.40680,-0.01715
0.91150,-0.05804,0.40680,-0.01709
0.91150,-0.05804,0.40680,-0.01709
0.91150,-0.05804,0.40680,-0.01703
0.91150,-0.05804,0.40680,-0.01697
0.91150,-0.05804,0.40680,-0.01691
0.91156,-0.05798,0.40680,-0.01691
0.91156,-0.05798,0.40680,-0.01685
0.91156,-0.05804,0.40674,-0.01672
0.91156,-0.05804,0.40674,-0.01672
0.91156,-0.05804,0.40674,-0.01672
0.91156,-0.05804,0.40674,-0.01666
0.91156,-0.05804,0.40674,-0.01666
0.91156,-0.05798,0.40680,-0.01666
0.91150,-0.05798,0.40680,-0.01666
0.91150,-0.05798,0.40680,-0.01660
0.91150,-0.05798,0.40680,-0.01660
0.91150,-0.05798,0.40680,-0.01654
0.91150,-0.05792,0.40680,-0.01648
0.91150,-0.05792,0.40686,-0.01642
0.91150,-0.05786,0.40686,-0.01642
0.91150,-0.05786,0.40686,-0.01642
0.91150,-0.05786,0.40686,-0.01636
0.91150,-0.05780,0.40686,-0.01636
0.91150,-0.05780,0.40686,-0.01630
0.91150,-0.05774,0.40686,-0.01624
0.91150,-0.05774,0.40686,-0.01624
0.91150,-0.05774,0.40686,-0.01624
0.91150,-0.05774,0.40686,-0.01624
0.91150,-0.05774,0.40686,-0.01617
0.91150,-0.05768,0.40686,-0.01611
0.91156,-0.05768,0.40686,-0.01611
0.91156,-0.05768,0.40680,-0.01611
0.91156,-0.05768,0.40680,-0.01611
0.91156,-0.05774,0.40680,-0.01617
0.91156,-0.05774,0.40680,-0.01611
0.91156,-0.05774,0.40674,-0.01617
0.91156,-0.05780,0.40674,-0.01617
0.91156,-0.05780,0.40674,-0.01617
0.91156,-0.05786,0.40674,-0.01624
0.91156,-0.05786,0.40674,-0.01630
0.91156,-0.05786,0.40674,-0.01636
0.91156,-0.05792,0.40674,-0.01636
0.91156,-0.05792,0.40680,-0.01642
0.91156,-0.05792,0.40680,-0.01642
0.91150,-0.05792,0.40680,-0.01642
0.91150,-0.05792,0.40680,-0.01642
0.91150,-0.05792,0.40680,-0.01636
0.91150,-0.05792,0.40680,-0.01617
0.91150,-0.05792,0.40686,-0.01611
0.91150,-0.05792,0.40686,-0.01599
0.91150,-0.05792,0.40686,-0.01599
0.91150,-0.05792,0.40686,-0.01593
0.91150,-0.05786,0.40686,-0.01593
0.91150,-0.05786,0.40686,-0.01587
0.91150,-0.05792,0.40686,-0.01587
0.91156,-0.05792,0.40680,-0.01575
0.91156,-0.05792,0.40680,-0.01581
0.91156,-0.05798,0.40674,-0.01575
0.91156,-0.05798,0.40674,-0.01575
0.91162,-0.05798,0.40668,-0.01569
0.91162,-0.05804,0.40668,-0.01563
0.91162,-0.05804,0.40662,-0.01563
0.91162,-0.05804,0.40662,-0.01563
0.91162,-0.05804,0.40662,-0.01569
0.91162,-0.05811,0.40662,-0.01563
0.91162,-0.05804,0.40662,-0.01563
0.91162,-0.05804,0.40662,-0.01563
0.91162,-0.05804,0.40656,-0.01563
0.91162,-0.05804,0.40656,-0.01563
0.91162,-0.05804,0.40656,-0.01556
0.91162,-0.05804,0.40662,-0.01556
0.91162,-0.05804,0.40662,-0.01550
0.91162,-0.05811,0.40662,-0.01550
0.91162,-0.05811,0.40662,-0.01544
0.91162,-0.05811,0.40662,-0.01544
0.91162,-0.05817,0.40662,-0.01538
0.91162,-0.05817,0.40668,-0.01538
0.91156,-0.05817,0.40668,-0.01532
0.91156,-0.05817,0.40668,-0.01532
0.91156,-0.05823,0.40674,-0.01532
0.91156,-0.05823,0.40680,-0.01532
0.91150,-0.05823,0.40680,-0.01532
0.91150,-0.05823,0.40686,-0.01532
0.91150,-0.05823,0.40686,-0.01532
0.91150,-0.05817,0.40692,-0.01532
0.91150,-0.05817,0.40692,-0.01526
0.91150,-0.05817,0.40692,-0.01520
0.91150,-0.05823,0.40692,-0.01508
0.91144,-0.05817,0.40698,-0.01508
0.91144,-0.05823,0.40698,-0.01495
0.91144,-0.05823,0.40698,-0.01495
0.91144,-0.05823,0.40698,-0.01495
0.91144,-0.05823,0.40698,-0.01495
0.91144,-0.05823,0.40698,-0.01489
0.91144,-0.05823,0.40704,-0.01489
0.91144,-0.05823,0.40704,-0.01495
0.91144,-0.05829,0.40704,-0.01489
0.91144,-0.05829,0.40704,-0.01495
0.91144,-0.05829,0.40704,-0.01495
0.91144,-0.05829,0.40710,-0.01495
0.91138,-0.05829,0.40710,-0.01489
0.91138,-0.05829,0.40710,-0.01489
0.91138,-0.05829,0.40710,-0.01489
0.91138,-0.05829,0.40710,-0.01489
0.91138,-0.05829,0.40710,-0.01483
0.91138,-0.05829,0.40710,-0.01471
0.91138,-0.05829,0.40710,-0.01471
0.91138,-0.05829,0.40710,-0.01471
0.91138,-0.05829,0.40710,-0.01471
0.91144,-0.05835,0.40704,-0.01465
0.91144,-0.05835,0.40704,-0.01459
0.91144,-0.05835,0.40704,-0.01453
0.91144,-0.05835,0.40698,-0.01459
0.91150,-0.05835,0.40692,-0.01459
0.91150,-0.05841,0.40692,-0.01453
0.91150,-0.05841,0.40686,-0.01453
0.91150,-0.05841,0.40680,-0.01459
0.91156,-0.05841,0.40680,-0.01459
0.91156,-0.05847,0.40680,-0.01459
0.91156,-0.05847,0.40680,-0.01459
0.91156,-0.05841,0.40674,-0.01465
0.91156,-0.05847,0.40674,-0.01465
0.91156,-0.05847,0.40674,-0.01465
0.91156,-0.05847,0.40674,-0.01459
0.91156,-0.05847,0.40674,-0.01459
0.91156,-0.05853,0.40668,-0.01459
0.91156,-0.05859,0.40668,-0.01453
0.91156,-0.05859,0.40668,-0.01453
0.91156,-0.05859,0.40674,-0.01453
0.91156,-0.05859,0.40674,-0.01447
0.91156,-0.05859,0.40674,-0.01447
0.91156,-0.05865,0.40674,-0.01440
0.91156,-0.05865,0.40674,-0.01434
0.91156,-0.05865,0.40674,-0.01434
0.91156,-0.05865,0.40674,-0.01434
0.91150,-0.05865,0.40680,-0.01434
0.91150,-0.05865,0.40680,-0.01434
0.91150,-0.05865,0.40680,-0.01434
0.91150,-0.05865,0.40686,-0.01434
0.91150,-0.05865,0.40686,-0.01428
0.91150,-0.05865,0.40692,-0.01428
0.91144,-0.05865,0.40692,-0.01428
0.91144,-0.05865,0.40692,-0.01428
0.91144,-0.05865,0.40698,-0.01428
0.91144,-0.05859,0.40698,-0.01428
0.91144,-0.05859,0.40704,-0.01428
0.91144,-0.05859,0.40704,-0.01422
0.91144,-0.05853,0.40704,-0.01416
0.91144,-0.05853,0.40704,-0.01410
0.91144,-0.05853,0.40704,-0.01410
0.91144,-0.05853,0.40704,-0.01410
0.91144,-0.05853,0.40704,-0.01404
0.91144,-0.05853,0.40704,-0.01398
0.91144,-0.05853,0.40704,-0.01398
0.91144,-0.05853,0.40704,-0.01398
0.91144,-0.05853,0.40704,-0.01398
0.91144,-0.05853,0.40710,-0.01392
0.91138,-0.05853,0.40710,-0.01385
0.91138,-0.05859,0.40710,-0.01379
0.91138,-0.05859,0.40710,-0.01379
0.91138,-0.05859,0.40710,-0.01379
0.91138,-0.05865,0.40710,-0.01373
0.91138,-0.05865,0.40710,-0.01373
0.91138,-0.05865,0.40710,-0.01379
0.91138,-0.05865,0.40710,-0.01379
0.91138,-0.05865,0.40717,-0.01379
0.91138,-0.05865,0.40717,-0.01379
0.91138,-0.05865,0.40717,-0.01373
0.91138,-0.05865,0.40717,-0.01373
0.91138,-0.05865,0.40717,-0.01373
0.91138,-0.05872,0.40717,-0.01367
0.91138,-0.05872,0.40723,-0.01361
0.91132,-0.05865,0.40723,-0.01361
0.91132,-0.05865,0.40723,-0.01355
0.91132,-0.05865,0.40723,-0.01349
0.91132,-0.05865,0.40723,-0.01349
0.91132,-0.05865,0.40723,-0.01343
0.91132,-0.05859,0.40723,-0.01337
0.91132,-0.05859,0.40723,-0.01337
0.91138,-0.05859,0.40723,-0.01324
0.91138,-0.05859,0.40723,-0.01324
0.91138,-0.05853,0.40717,-0.01318
0.91138,-0.05853,0.40717,-0.01312
0.91138,-0.05853,0.40717,-0.01306
0.91138,-0.05853,0.40710,-0.01306
0.91138,-0.05853,0.40710,-0.01306
0.91144,-0.05853,0.40710,-0.01306
0.91144,-0.05853,0.40704,-0.01306
0.91144,-0.05859,0.40704,-0.01306
0.91144,-0.05859,0.40698,-0.01306
0.91144,-0.05859,0.40698,-0.01306
0.91150,-0.05859,0.40698,-0.01306
0.91150,-0.05859,0.40692,-0.01306
0.91150,-0.05865,0.40692,-0.01306
0.91150,-0.05865,0.40692,-0.01300
0.91150,-0.05865,0.40692,-0.01300
0.91150,-0.05865,0.40692,-0.01300
0.91150,-0.05865,0.40692,-0.01300
0.91150,-0.05865,0.40692,-0.01306
0.91150,-0.05865,0.40692,-0.01306
0.91150,-0.05865,0.40692,-0.01306
0.91150,-0.05865,0.40692,-0.01306
0.91150,-0.05865,0.40692,-0.01306
0.91150,-0.05865,0.40692,-0.01312
0.91150,-0.05865,0.40692,-0.01312
0.91150,-0.05865,0.40692,-0.01312
0.91150,-0.05865,0.40692,-0.01312
0.91150,-0.05865,0.40692,-0.01312
0.91150,-0.05865,0.40686,-0.01318
0.91150,-0.05859,0.40686,-0.01312
0.91150,-0.05859,0.40686,-0.01312
0.91150,-0.05859,0.40686,-0.01312
0.91150,-0.05853,0.40686,-0.01312
0.91150,-0.05853,0.40686,-0.01312
0.91150,-0.05853,0.40686,-0.01312
0.91150,-0.05847,0.40686,-0.01312
0.91150,-0.05847,0.40686,-0.01312
0.91150,-0.05847,0.40692,-0.01318
0.91150,-0.05853,0.40692,-0.01324
0.91150,-0.05853,0.40692,-0.01324
0.91150,-0.05853,0.40692,-0.01331
0.91150,-0.05859,0.40692,-0.01337
0.91150,-0.05859,0.40698,-0.01343
0.91144,-0.05865,0.40698,-0.01343
0.91144,-0.05865,0.40698,-0.01349
0.91144,-0.05872,0.40698,-0.01349
0.91144,-0.05872,0.40698,-0.01355
0.91144,-0.05878,0.40698,-0.01355
0.91144,-0.05878,0.40698,-0.01355
0.91144,-0.05878,0.40698,-0.01355
0.91144,-0.05884,0.40692,-0.01361
0.91144,-0.05884,0.40692,-0.01361
0.91150,-0.05884,0.40692,-0.01361
0.91150,-0.05884,0.40686,-0.01361
0.91150,-0.05884,0.40686,-0.01355
0.91150,-0.05884,0.40686,-0.01355
0.91150,-0.05884,0.40686,-0.01355
0.91150,-0.05884,0.40680,-0.01355
0.91150,-0.05884,0.40680,-0.01355
0.91156,-0.05878,0.40680,-0.01349
0.91156,-0.05878,0.40674,-0.01349
0.91156,-0.05884,0.40674,-0.01343
0.91156,-0.05884,0.40668,-0.01343
0.91156,-0.05884,0.40668,-0.01337
0.91156,-0.05884,0.40668,-0.01337
0.91162,-0.05884,0.40662,-0.01337
0.91162,-0.05890,0.40662,-0.01337
0.91162,-0.05890,0.40662,-0.01331
0.91162,-0.05890,0.40656,-0.01331
0.91162,-0.05890,0.40649,-0.01331
0.91168,-0.05890,0.40649,-0.01324
0.91168,-0.05890,0.40649,-0.01324
0.91168,-0.05890,0.40643,-0.01312
0.91174,-0.05890,0.40637,-0.01300
0.91174,-0.05890,0.40637,-0.01288
0.91174,-0.05890,0.40637,-0.01282
0.91174,-0.05884,0.40631,-0.01270
0.91174,-0.05884,0.40631,-0.01251
0.91174,-0.05884,0.40631,-0.01227
0.91180,-0.05878,0.40625,-0.01215
0.91180,-0.05872,0.40625,-0.01202
0.91180,-0.05865,0.40625,-0.01190
0.91180,-0.05859,0.40625,-0.01178
0.91180,-0.05853,0.40625,-0.01166
0.91180,-0.05853,0.40625,-0.01154
0.91180,-0.05841,0.40625,-0.01129
0.91180,-0.05841,0.40625,-0.01117
0.91180,-0.05835,0.40625,-0.01105
0.91180,-0.05829,0.40625,-0.01086
0.91187,-0.05823,0.40625,-0.01068
0.91187,-0.05817,0.40631,-0.01056
0.91187,-0.05811,0.40631,-0.01044
0.91187,-0.05811,0.40631,-0.01031
0.91180,-0.05804,0.40631,-0.01013
0.91180,-0.05804,0.40631,-0.00995
0.91180,-0.05798,0.40637,-0.00983
0.91180,-0.05798,0.40637,-0.00970
0.91180,-0.05792,0.40637,-0.00946
0.91180,-0.05792,0.40637,-0.00934
0.91180,-0.05792,0.40643,-0.00922
0.91180,-0.05786,0.40637,-0.00909
0.91180,-0.05786,0.40637,-0.00897
0.91180,-0.05786,0.40643,-0.00885
0.91180,-0.05786,0.40643,-0.00879
0.91180,-0.05786,0.40643,-0.00867
0.91180,-0.05786,0.40643,-0.00854
0.91180,-0.05786,0.40643,-0.00842
0.91180,-0.05786,0.40637,-0.00836
0.91180,-0.05786,0.40637,-0.00830
0.91180,-0.05786,0.40637,-0.00830
0.91180,-0.05786,0.40637,-0.00824
0.91187,-0.05786,0.40637,-0.00824
0.91187,-0.05786,0.40637,-0.00818
0.91187,-0.05792,0.40631,-0.00818
0.91187,-0.05792,0.40631,-0.00818
0.91187,-0.05792,0.40631,-0.00818
0.91187,-0.05792,0.40625,-0.00812
0.91187,-0.05798,0.40625,-0.00812
0.91193,-0.05798,0.40619,-0.00806
0.91193,-0.05804,0.40619,-0.00806
0.91193,-0.05804,0.40619,-0.00812
0.91193,-0.05811,0.40613,-0.00812
0.91193,-0.05811,0.40613,-0.00824
0.91193,-0.05817,0.40613,-0.00824
0.91193,-0.05817,0.40607,-0.00824
0.91193,-0.05823,0.40607,-0.00824
0.91199,-0.05823,0.40601,-0.00824
0.91199,-0.05829,0.40601,-0.00836
0.91199,-0.05829,0.40601,-0.00836
0.91199,-0.05829,0.40601,-0.00842
0.91199,-0.05829,0.40594,-0.00848
0.91199,-0.05829,0.40594,-0.00854
0.91199,-0.05835,0.40594,-0.00854
0.91199,-0.05835,0.40594,-0.00861
0.91199,-0.05835,0.40594,-0.00861
0.91199,-0.05841,0.40594,-0.00861
0.91199,-0.05841,0.40594,-0.00867
0.91199,-0.05841,0.40588,-0.00867
0.91199,-0.05841,0.40588,-0.00873
0.91199,-0.05847,0.40588,-0.00873
0.91205,-0.05853,0.40582,-0.00879
0.91205,-0.05853,0.40582,-0.00891
0.91205,-0.05859,0.40582,-0.00897
0.91205,-0.05859,0.40582,-0.00909
0.91205,-0.05865,0.40576,-0.00916
0.91205,-0.05865,0.40576,-0.00922
0.91205,-0.05872,0.40576,-0.00928
0.91205,-0.05872,0.40576,-0.00940
0.91205,-0.05878,0.40576,-0.00946
0.91205,-0.05878,0.40570,-0.00952
0.91205,-0.05878,0.40570,-0.00964
0.91205,-0.05884,0.40570,-0.00970
0.91205,-0.05884,0.40570,-0.00970
0.91205,-0.05884,0.40570,-0.00977
0.91205,-0.05884,0.40570,-0.00977
0.91205,-0.05884,0.40570,-0.00977
0.91205,-0.05890,0.40570,-0.00977
0.91205,-0.05890,0.40570,-0.00983
0.91205,-0.05890,0.40576,-0.00983
0.91205,-0.05890,0.40576,-0.00977
0.91205,-0.05890,0.40576,-0.00977
0.91199,-0.05890,0.40582,-0.00977
0.91199,-0.05890,0.40582,-0.00977
0.91199,-0.05890,0.40582,-0.00977
0.91199,-0.05890,0.40588,-0.00977
0.91199,-0.05884,0.40588,-0.00977
0.91199,-0.05890,0.40588,-0.00970
0.91193,-0.05890,0.40594,-0.00970
0.91193,-0.05884,0.40594,-0.00970
0.91193,-0.05884,0.40601,-0.00970
0.91193,-0.05884,0.40601,-0.00970
0.91193,-0.05884,0.40607,-0.00970
0.91187,-0.05884,0.40607,-0.00970
0.91187,-0.05890,0.40607,-0.00964
0.91187,-0.05890,0.40607,-0.00964
0.91187,-0.05890,0.40613,-0.00964
0.91187,-0.05890,0.40613,-0.00958
0.91187,-0.05890,0.40613,-0.00958
0.91187,-0.05890,0.40613,-0.00964
0.91187,-0.05896,0.40613,-0.00964
0.91187,-0.05896,0.40619,-0.00964
0.91187,-0.05896,0.40619,-0.00970
0.91187,-0.05896,0.40619,-0.00970
0.91187,-0.05896,0.40619,-0.00970
0.91187,-0.05896,0.40619,-0.00970
0.91187,-0.05896,0.40619,-0.00970
0.91187,-0.05896,0.40613,-0.00970
0.91187,-0.05896,0.40613,-0.00970
0.91187,-0.05896,0.40613,-0.00977
0.91187,-0.05902,0.40613,-0.00977
0.91187,-0.05896,0.40613,-0.00977
0.91187,-0.05902,0.40607,-0.00983
0.91187,-0.05902,0.40607,-0.00977
0.91193,-0.05902,0.40601,-0.00977
0.91193,-0.05908,0.40601,-0.00970
0.91193,-0.05908,0.40601,-0.00970
0.91193,-0.05908,0.40594,-0.00970
0.91193,-0.05908,0.40594,-0.00970
0.91193,-0.05908,0.40594,-0.00970
0.91193,-0.05908,0.40594,-0.00970
0.91193,-0.05914,0.40588,-0.00970
0.91193,-0.05914,0.40588,-0.00964
0.91193,-0.05914,0.40588,-0.00964
0.91193,-0.05914,0.40594,-0.00964
0.91193,-0.05914,0.40594,-0.00964
0.91193,-0.05914,0.40594,-0.00964
0.91193,-0.05914,0.40594,-0.00964
0.91193,-0.05914,0.40594,-0.00964
0.91193,-0.05914,0.40594,-0.00964
0.91193,-0.05914,0.40594,-0.00964
0.91193,-0.05914,0.40594,-0.00964
0.91193,-0.05914,0.40594,-0.00964
0.91193,-0.05914,0.40594,-0.00964
0.91193,-0.05920,0.40594,-0.00964
0.91193,-0.05920,0.40594,-0.00964
0.91193,-0.05920,0.40594,-0.00964
0.91193,-0.05927,0.40594,-0.00970
0.91193,-0.05927,0.40594,-0.00970
0.91193,-0.05927,0.40594,-0.00970
0.91193,-0.05927,0.40594,-0.00970
0.91193,-0.05927,0.40588,-0.00977
0.91193,-0.05927,0.40588,-0.00983
0.91193,-0.05927,0.40588,-0.00989
0.91193,-0.05927,0.40588,-0.00989
0.91193,-0.05927,0.40588,-0.00989
0.91193,-0.05933,0.40588,-0.00995
0.91193,-0.05933,0.40594,-0.00995
0.91193,-0.05933,0.40594,-0.00995
0.91193,-0.05933,0.40594,-0.00995
0.91193,-0.05939,0.40594,-0.00995
0.91193,-0.05939,0.40594,-0.01001
0.91193,-0.05945,0.40594,-0.01001
0.91193,-0.05951,0.40594,-0.00995
0.91193,-0.05957,0.40594,-0.01007
0.91193,-0.05957,0.40588,-0.01007
0.91193,-0.05957,0.40588,-0.01013
0.91193,-0.05957,0.40588,-0.01013
0.91193,-0.05963,0.40582,-0.01019
0.91193,-0.05963,0.40582,-0.01019
0.91193,-0.05963,0.40582,-0.01025
0.91193,-0.05969,0.40582,-0.01019
0.91199,-0.05969,0.40576,-0.01025
0.91199,-0.05969,0.40576,-0.01025
0.91199,-0.05969,0.40576,-0.01031
0.91199,-0.05969,0.40570,-0.01019
0.91199,-0.05969,0.40570,-0.01025
0.91199,-0.05969,0.40570,-0.01025
0.91205,-0.05969,0.40564,-0.01019
0.91205,-0.05969,0.40564,-0.01019
0.91205,-0.05969,0.40558,-0.01019
0.91205,-0.05969,0.40558,-0.01025
0.91205,-0.05969,0.40558,-0.01025
0.91205,-0.05975,0.40552,-0.01019
0.91205,-0.05975,0.40552,-0.01019
0.91211,-0.05975,0.40552,-0.01019
0.91211,-0.05981,0.40546,-0.01013
0.91211,-0.05988,0.40546,-0.01019
0.91211,-0.05988,0.40540,-0.01019
0.91211,-0.05988,0.40540,-0.01019
0.91211,-0.05988,0.40540,-0.01013
0.91211,-0.05988,0.40540,-0.01013
0.91211,-0.05981,0.40540,-0.01007
0.91217,-0.05988,0.40533,-0.01001
0.91217,-0.05981,0.40533,-0.01001
0.91217,-0.05981,0.40533,-0.00995
0.91217,-0.05981,0.40533,-0.00995
0.91217,-0.05975,0.40533,-0.00989
0.91217,-0.05975,0.40540,-0.00989
0.91211,-0.05969,0.40540,-0.00977
0.91211,-0.05969,0.40540,-0.00977
0.91211,-0.05969,0.40540,-0.00977
0.91211,-0.05969,0.40546,-0.00970
0.91211,-0.05969,0.40546,-0.00964
0.91211,-0.05963,0.40546,-0.00970
0.91211,-0.05963,0.40546,-0.00970
0.91211,-0.05963,0.40552,-0.00970
0.91211,-0.05969,0.40552,-0.00970
0.91205,-0.05969,0.40552,-0.00970
0.91205,-0.05969,0.40552,-0.00970
0.91205,-0.05969,0.40558,-0.00970
0.91205,-0.05975,0.40558,-0.00964
0.91205,-0.05975,0.40558,-0.00970
0.91205,-0.05975,0.40564,-0.00964
0.91205,-0.05975,0.40564,-0.00958
0.91205,-0.05975,0.40564,-0.00958
0.91205,-0.05975,0.40564,-0.00958
0.91205,-0.05975,0.40564,-0.00958
0.91205,-0.05975,0.40564,-0.00952
0.91205,-0.05975,0.40564,-0.00952
0.91205,-0.05975,0.40564,-0.00952
0.91205,-0.05969,0.40564,-0.00952
0.91205,-0.05969,0.40558,-0.00952
0.91205,-0.05969,0.40558,-0.00952
0.91205,-0.05969,0.40558,-0.00958
0.91211,-0.05969,0.40552,-0.00958
0.91211,-0.05969,0.40552,-0.00958
0.91211,-0.05975,0.40546,-0.00958
0.91211,-0.05975,0.40546,-0.00964
0.91211,-0.05975,0.40546,-0.00964
0.91211,-0.05981,0.40540,-0.00964
0.91217,-0.05981,0.40540,-0.00970
0.91217,-0.05981,0.40533,-0.00977
0.91217,-0.05981,0.40533,-0.00977
0.91217,-0.05981,0.40533,-0.00983
0.91217,-0.05988,0.40533,-0.00983
0.91217,-0.05988,0.40527,-0.00983
0.91217,-0.05994,0.40527,-0.00983
0.91217,-0.05994,0.40527,-0.00983
0.91217,-0.06000,0.40527,-0.00983
0.91217,-0.06000,0.40527,-0.00983
0.91217,-0.06000,0.40527,-0.00983
0.91217,-0.06000,0.40527,-0.00983
0.91217,-0.06000,0.40527,-0.00977
0.91217,-0.06000,0.40521,-0.00977
0.91217,-0.06000,0.40521,-0.00977
0.91217,-0.06006,0.40521,-0.00977
0.91217,-0.06006,0.40521,-0.00977
0.91217,-0.06006,0.40521,-0.00977
0.91217,-0.06006,0.40521,-0.00977
0.91217,-0.06006,0.40521,-0.00977
0.91217,-0.06006,0.40521,-0.00977
0.91217,-0.06000,0.40521,-0.00977
0.91217,-0.06006,0.40521,-0.00977
0.91217,-0.06000,0.40521,-0.00983
0.91217,-0.06000,0.40521,-0.00983
0.91217,-0.06000,0.40521,-0.00983
0.91217,-0.06000,0.40521,-0.00983
0.91217,-0.06000,0.40521,-0.00983
0.91217,-0.06000,0.40527,-0.00983
0.91217,-0.06000,0.40527,-0.00983
0.91217,-0.06000,0.40527,-0.00983
0.91217,-0.06000,0.40527,-0.00983
0.91217,-0.06000,0.40527,-0.00983
0.91217,-0.06000,0.40527,-0.00983
0.91217,-0.06000,0.40527,-0.00977
0.91217,-0.06000,0.40533,-0.00977
0.91217,-0.06000,0.40533,-0.00977
0.91217,-0.06000,0.40533,-0.00977
0.91217,-0.06000,0.40533,-0.00970
0.91211,-0.05994,0.40540,-0.00970
0.91211,-0.05994,0.40540,-0.00964
0.91211,-0.05994,0.40540,-0.00964
0.91211,-0.06000,0.40540,-0.00952
0.91211,-0.06000,0.40540,-0.00952
0.91211,-0.06000,0.40546,-0.00952
0.91211,-0.06000,0.40546,-0.00946
0.91211,-0.06000,0.40546,-0.00946
0.91205,-0.06000,0.40552,-0.00946
0.91205,-0.06000,0.40552,-0.00940
0.91205,-0.06000,0.40552,-0.00940
0.91205,-0.06000,0.40558,-0.00940
0.91205,-0.06000,0.40558,-0.00940
0.91205,-0.06000,0.40558,-0.00940
0.91205,-0.06000,0.40558,-0.00934
0.91205,-0.06000,0.40558,-0.00934
0.91205,-0.05994,0.40564,-0.00928
0.91205,-0.05994,0.40564,-0.00928
0.91205,-0.05994,0.40564,-0.00922
0.91205,-0.05994,0.40564,-0.00916
0.91205,-0.05994,0.40564,-0.00909
0.91205,-0.05994,0.40564,-0.00897
0.91205,-0.05994,0.40564,-0.00891
0.91205,-0.05994,0.40564,-0.00885
0.91205,-0.05994,0.40564,-0.00879
0.91205,-0.05994,0.40564,-0.00873
0.91205,-0.05994,0.40564,-0.00867
0.91205,-0.05994,0.40564,-0.00861
0.91205,-0.05994,0.40558,-0.00861
0.91205,-0.05994,0.40558,-0.00854
0.91205,-0.05994,0.40558,-0.00842
0.91205,-0.05994,0.40558,-0.00836
0.91205,-0.05994,0.40558,-0.00836
0.91205,-0.05994,0.40558,-0.00830
0.91205,-0.06000,0.40552,-0.00830
0.91205,-0.06000,0.40552,-0.00830
0.91211,-0.06000,0.40552,-0.00824
0.91211,-0.06000,0.40552,-0.00824
0.91211,-0.06000,0.40552,-0.00824
0.91211,-0.06000,0.40546,-0.00818
0.91211,-0.06000,0.40546,-0.00812
0.91211,-0.06000,0.40546,-0.00812
0.91211,-0.06000,0.40546,-0.00812
0.91211,-0.06000,0.40546,-0.00812
0.91211,-0.06000,0.40540,-0.00812
0.91211,-0.06000,0.40540,-0.00806
0.91211,-0.06000,0.40540,-0.00806
0.91217,-0.06000,0.40540,-0.00806
0.91217,-0.06000,0.40540,-0.00806
0.91217,-0.06006,0.40533,-0.00800
0.91217,-0.06006,0.40533,-0.00793
0.91217,-0.06006,0.40533,-0.00793
0.91217,-0.06006,0.40527,-0.00793
0.91217,-0.06006,0.40527,-0.00787
0.91217,-0.06006,0.40527,-0.00787
0.91217,-0.06006,0.40527,-0.00781
0.91217,-0.06006,0.40527,-0.00781
0.91217,-0.06006,0.40527,-0.00775
0.91217,-0.06006,0.40527,-0.00775
0.91217,-0.06006,0.40527,-0.00775
0.91217,-0.06006,0.40527,-0.00769
0.91217,-0.06006,0.40527,-0.00769
0.91217,-0.06006,0.40533,-0.00769
0.91217,-0.06006,0.40533,-0.00769
0.91217,-0.06006,0.40533,-0.00769
0.91217,-0.06006,0.40533,-0.00769
0.91217,-0.06012,0.40533,-0.00769
0.91217,-0.06012,0.40533,-0.00769
0.91217,-0.06012,0.40533,-0.00769
0.91217,-0.06018,0.40533,-0.00769
0.91217,-0.06018,0.40533,-0.00769
0.91217,-0.06024,0.40533,-0.00775
0.91217,-0.06024,0.40533,-0.00775
0.91217,-0.06030,0.40533,-0.00775
0.91211,-0.06030,0.40533,-0.00775
0.91211,-0.06036,0.40533,-0.00775
0.91211,-0.06036,0.40533,-0.00781
0.91211,-0.06036,0.40540,-0.00781
0.91211,-0.06042,0.40540,-0.00781
0.91211,-0.06042,0.40540,-0.00781
0.91211,-0.06042,0.40540,-0.00781
0.91211,-0.06042,0.40540,-0.00775
0.91211,-0.06042,0.40540,-0.00781
0.91211,-0.06049,0.40546,-0.00775
0.91211,-0.06049,0.40546,-0.00775
0.91211,-0.06049,0.40546,-0.00781
0.91211,-0.06049,0.40546,-0.00781
0.91211,-0.06055,0.40546,-0.00781
0.91211,-0.06055,0.40546,-0.00781
0.91211,-0.06061,0.40546,-0.00781
0.91211,-0.06061,0.40540,-0.00781
0.91211,-0.06067,0.40540,-0.00781
0.91211,-0.06067,0.40540,-0.00781
0.91211,-0.06073,0.40540,-0.00775
0.91211,-0.06073,0.40533,-0.00775
0.91211,-0.06079,0.40533,-0.00775
0.91211,-0.06079,0.40527,-0.00769
0.91211,-0.06085,0.40527,-0.00769
0.91217,-0.06085,0.40521,-0.00763
0.91217,-0.06091,0.40515,-0.00757
0.91217,-0.06091,0.40515,-0.00751
0.91217,-0.06091,0.40515,-0.00751
0.91223,-0.06097,0.40509,-0.00745
0.91223,-0.06097,0.40503,-0.00739
0.91223,-0.06104,0.40497,-0.00732
0.91229,-0.06104,0.40497,-0.00726
0.91229,-0.06110,0.40491,-0.00726
0.91229,-0.06110,0.40485,-0.00720
0.91229,-0.06110,0.40485,-0.00714
0.91235,-0.06116,0.40479,-0.00708
0.91235,-0.06116,0.40472,-0.00708
0.91235,-0.06116,0.40472,-0.00708
0.91241,-0.06122,0.40466,-0.00702
0.91241,-0.06122,0.40466,-0.00702
0.91241,-0.06122,0.40460,-0.00702
0.91241,-0.06122,0.40454,-0.00702
0.91248,-0.06122,0.40454,-0.00696
0.91248,-0.06128,0.40448,-0.00696
0.91248,-0.06128,0.40442,-0.00696
0.91254,-0.06128,0.40436,-0.00696
0.91254,-0.06134,0.40436,-0.00696
0.91254,-0.06134,0.40430,-0.00696
0.91254,-0.06134,0.40430,-0.00696
0.91254,-0.06140,0.40430,-0.00696
0.91254,-0.06140,0.40424,-0.00696
0.91254,-0.06146,0.40424,-0.00690
0.91254,-0.06146,0.40424,-0.00690
0.91254,-0.06146,0.40424,-0.00690
0.91254,-0.06152,0.40424,-0.00690
0.91254,-0.06152,0.40424,-0.00696
0.91254,-0.06152,0.40424,-0.00696
0.91254,-0.06158,0.40424,-0.00696
0.91254,-0.06158,0.40424,-0.00696
0.91254,-0.06165,0.40424,-0.00696
0.91254,-0.06165,0.40430,-0.00696
0.91254,-0.06165,0.40430,-0.00696
0.91254,-0.06171,0.40430,-0.00702
0.91248,-0.06171,0.40436,-0.00702
0.91248,-0.06171,0.40436,-0.00708
0.91248,-0.06177,0.40436,-0.00708
0.91248,-0.06177,0.40436,-0.00714
0.91248,-0.06177,0.40436,-0.00714
0.91248,-0.06183,0.40436,-0.00720
0.91248,-0.06183,0.40436,-0.00726
0.91248,-0.06189,0.40436,-0.00726
0.91248,-0.06189,0.40436,-0.00726
0.91248,-0.06195,0.40436,-0.00726
0.91248,-0.06201,0.40436,-0.00720
0.91248,-0.06201,0.40436,-0.00720
0.91248,-0.06207,0.40430,-0.00714
0.91248,-0.06213,0.40430,-0.00720
0.91248,-0.06213,0.40430,-0.00720
0.91248,-0.06213,0.40430,-0.00720
0.91254,-0.06219,0.40424,-0.00720
0.91254,-0.06219,0.40424,-0.00720
0.91254,-0.06219,0.40424,-0.00726
0.91254,-0.06219,0.40417,-0.00726
0.91254,-0.06226,0.40417,-0.00726
0.91254,-0.06232,0.40417,-0.00726
0.91254,-0.06238,0.40417,-0.00720
0.91254,-0.06244,0.40417,-0.00726
0.91254,-0.06244,0.40411,-0.00732
0.91254,-0.06250,0.40411,-0.00739
0.91254,-0.06250,0.40405,-0.00739
0.91260,-0.06250,0.40405,-0.00745
0.91260,-0.06256,0.40399,-0.00751
0.91260,-0.06262,0.40399,-0.00751
0.91260,-0.06262,0.40393,-0.00757
0.91260,-0.06268,0.40393,-0.00757
0.91266,-0.06274,0.40387,-0.00757
0.91266,-0.06274,0.40387,-0.00757
0.91266,-0.06274,0.40381,-0.00757
0.91266,-0.06274,0.40381,-0.00757
0.91266,-0.06274,0.40381,-0.00757
0.91266,-0.06281,0.40375,-0.00751
0.91266,-0.06281,0.40375,-0.00751
0.91272,-0.06281,0.40375,-0.00751
0.91272,-0.06287,0.40369,-0.00745
0.91272,-0.06287,0.40369,-0.00745
0.91272,-0.06293,0.40369,-0.00745
0.91272,-0.06299,0.40369,-0.00745
0.91272,-0.06299,0.40363,-0.00745
0.91272,-0.06299,0.40363,-0.00745
0.91272,-0.06305,0.40363,-0.00751
0.91272,-0.06311,0.40363,-0.00751
0.91272,-0.06317,0.40363,-0.00751
0.91272,-0.06317,0.40363,-0.00751
0.91272,-0.06323,0.40363,-0.00751
0.91272,-0.06323,0.40363,-0.00751
0.91272,-0.06323,0.40363,-0.00751
0.91272,-0.06323,0.40363,-0.00751
0.91272,-0.06323,0.40369,-0.00751
0.91266,-0.06323,0.40369,-0.00751
0.91266,-0.06329,0.40369,-0.00751
0.91266,-0.06329,0.40375,-0.00745
0.91266,-0.06329,0.40375,-0.00745
0.91266,-0.06329,0.40375,-0.00739
0.91266,-0.06329,0.40375,-0.00739
0.91266,-0.06329,0.40375,-0.00739
0.91266,-0.06329,0.40375,-0.00732
0.91266,-0.06329,0.40375,-0.00732
0.91266,-0.06323,0.40375,-0.00732
0.91266,-0.06323,0.40375,-0.00732
0.91266,-0.06323,0.40375,-0.00732
0.91266,-0.06323,0.40375,-0.00732
0.91266,-0.06323,0.40375,-0.00732
0.91266,-0.06329,0.40375,-0.00732
0.91266,-0.06329,0.40375,-0.00732
0.91266,-0.06329,0.40375,-0.00739
0.91266,-0.06329,0.40375,-0.00739
0.91266,-0.06335,0.40375,-0.00745
0.91266,-0.06335,0.40375,-0.00745
0.91266,-0.06335,0.40375,-0.00739
0.91266,-0.06335,0.40375,-0.00739
0.91266,-0.06335,0.40381,-0.00726
0.91266,-0.06335,0.40381,-0.00720
0.91260,-0.06335,0.40381,-0.00708
0.91266,-0.06335,0.40375,-0.00702
0.91266,-0.06342,0.40375,-0.00690
0.91260,-0.06342,0.40381,-0.00690
0.91260,-0.06342,0.40381,-0.00684
0.91266,-0.06348,0.40381,-0.00684
0.91260,-0.06348,0.40381,-0.00684
0.91266,-0.06348,0.40375,-0.00677
0.91266,-0.06348,0.40375,-0.00677
0.91266,-0.06354,0.40375,-0.00677
0.91266,-0.06354,0.40375,-0.00671
0.91260,-0.06354,0.40375,-0.00671
0.91260,-0.06354,0.40375,-0.00665
0.91266,-0.06354,0.40375,-0.00665
0.91266,-0.06354,0.40375,-0.00659
0.91266,-0.06348,0.40375,-0.00653
0.91266,-0.06348,0.40375,-0.00653
0.91266,-0.06342,0.40375,-0.00647
0.91266,-0.06342,0.40375,-0.00641
0.91266,-0.06335,0.40375,-0.00641
0.91266,-0.06335,0.40375,-0.00635
0.91266,-0.06329,0.40375,-0.00629
0.91266,-0.06329,0.40375,-0.00629
0.91266,-0.06329,0.40375,-0.00629
0.91266,-0.06329,0.40375,-0.00623
0.91266,-0.06323,0.40375,-0.00623
0.91266,-0.06323,0.40375,-0.00623
0.91266,-0.06323,0.40375,-0.00616
0.91266,-0.06323,0.40375,-0.00610
0.91266,-0.06323,0.40375,-0.00610
0.91266,-0.06323,0.40375,-0.00604
0.91266,-0.06323,0.40375,-0.00598
0.91266,-0.06317,0.40381,-0.00592
0.91266,-0.06317,0.40381,-0.00586
0.91266,-0.06311,0.40387,-0.00574
0.91260,-0.06311,0.40387,-0.00568
0.91260,-0.06305,0.40387,-0.00568
0.91260,-0.06305,0.40393,-0.00562
0.91260,-0.06299,0.40393,-0.00555
0.91260,-0.06299,0.40399,-0.00549
0.91260,-0.06293,0.40399,-0.00549
0.91260,-0.06287,0.40405,-0.00543
0.91254,-0.06287,0.40405,-0.00543
0.91254,-0.06287,0.40405,-0.00537
0.91254,-0.06281,0.40411,-0.00537
0.91254,-0.06281,0.40411,-0.00537
0.91254,-0.06281,0.40411,-0.00537
0.91254,-0.06274,0.40411,-0.00537
0.91254,-0.06274,0.40411,-0.00537
0.91254,-0.06274,0.40417,-0.00531
0.91254,-0.06268,0.40417,-0.00525
0.91254,-0.06268,0.40417,-0.00519
0.91254,-0.06268,0.40417,-0.00519
0.91254,-0.06262,0.40417,-0.00513
0.91254,-0.06262,0.40417,-0.00507
0.91254,-0.06256,0.40417,-0.00500
0.91254,-0.06256,0.40417,-0.00494
0.91254,-0.06256,0.40411,-0.00488
0.91254,-0.06256,0.40411,-0.00482
0.91254,-0.06250,0.40411,-0.00482
0.91254,-0.06250,0.40411,-0.00482
0.91254,-0.06256,0.40411,-0.00476
0.91260,-0.06256,0.40411,-0.00476
0.91260,-0.06256,0.40405,-0.00470
0.91260,-0.06262,0.40405,-0.00476
0.91260,-0.06262,0.40399,-0.00476
0.91260,-0.06268,0.40399,-0.00482
0.91260,-0.06274,0.40393,-0.00482
0.91266,-0.06281,0.40387,-0.00482
0.91266,-0.06287,0.40387,-0.00488
0.91266,-0.06293,0.40381,-0.00488
0.91266,-0.06293,0.40381,-0.00494
0.91266,-0.06299,0.40381,-0.00500
0.91266,-0.06299,0.40375,-0.00500
0.91272,-0.06305,0.40375,-0.00500
0.91272,-0.06305,0.40375,-0.00500
0.91272,-0.06305,0.40369,-0.00500
0.91272,-0.06305,0.40369,-0.00500
0.91272,-0.06305,0.40369,-0.00494
0.91272,-0.06305,0.40369,-0.00494
0.91272,-0.06305,0.40369,-0.00488
0.91272,-0.06299,0.40363,-0.00482
0.91272,-0.06299,0.40363,-0.00476
0.91272,-0.06299,0.40369,-0.00470
0.91272,-0.06293,0.40369,-0.00464
0.91272,-0.06293,0.40369,-0.00464
0.91272,-0.06293,0.40369,-0.00458
0.91272,-0.06293,0.40369,-0.00452
0.91272,-0.06293,0.40369,-0.00452
0.91272,-0.06293,0.40369,-0.00452
0.91272,-0.06293,0.40375,-0.00452
0.91266,-0.06299,0.40375,-0.00452
0.91266,-0.06299,0.40375,-0.00452
0.91266,-0.06305,0.40381,-0.00452
0.91266,-0.06305,0.40381,-0.00452
0.91260,-0.06311,0.40387,-0.00458
0.91260,-0.06311,0.40393,-0.00458
0.91260,-0.06317,0.40393,-0.00458
0.91254,-0.06317,0.40405,-0.00458
0.91254,-0.06323,0.40411,-0.00458
0.91248,-0.06323,0.40417,-0.00458
0.91248,-0.06323,0.40424,-0.00458
0.91241,-0.06323,0.40430,-0.00452
0.91235,-0.06323,0.40442,-0.00446
0.91235,-0.06317,0.40448,-0.00439
0.91229,-0.06317,0.40454,-0.00427
0.91229,-0.06317,0.40466,-0.00415
0.91223,-0.06311,0.40472,-0.00409
0.91223,-0.06305,0.40479,-0.00397
0.91217,-0.06305,0.40491,-0.00391
0.91217,-0.06299,0.40497,-0.00378
0.91211,-0.06299,0.40503,-0.00354
0.91211,-0.06299,0.40509,-0.00342
0.91211,-0.06299,0.40515,-0.00330
0.91205,-0.06299,0.40521,-0.00317
0.91205,-0.06299,0.40521,-0.00305
0.91199,-0.06299,0.40527,-0.00293
0.91199,-0.06299,0.40533,-0.00287
0.91199,-0.06299,0.40533,-0.00269
0.91199,-0.06299,0.40540,-0.00256
0.91193,-0.06299,0.40546,-0.00238
0.91193,-0.06299,0.40546,-0.00220
0.91193,-0.06299,0.40546,-0.00208
0.91193,-0.06299,0.40552,-0.00195
0.91193,-0.06305,0.40552,-0.00177
0.91187,-0.06305,0.40558,-0.00165
0.91187,-0.06311,0.40558,-0.00153
0.91187,-0.06311,0.40558,-0.00146
0.91187,-0.06317,0.40564,-0.00134
0.91187,-0.06323,0.40564,-0.00128
0.91187,-0.06329,0.40564,-0.00122
0.91187,-0.06335,0.40564,-0.00110
0.91187,-0.06342,0.40564,-0.00098
0.91187,-0.06342,0.40558,-0.00092
0.91187,-0.06348,0.40558,-0.00085
0.91187,-0.06348,0.40558,-0.00073
0.91187,-0.06354,0.40552,-0.00061
0.91187,-0.06354,0.40552,-0.00055
0.91187,-0.06360,0.40546,-0.00037
0.91193,-0.06360,0.40546,-0.00031
0.91193,-0.06360,0.40546,-0.00018
0.91193,-0.06360,0.40540,-0.00006
0.91193,-0.06360,0.40540,0.00000
0.91193,-0.06360,0.40540,0.00006
0.91193,-0.06366,0.40533,0.00012
0.91193,-0.06366,0.40533,0.00018
0.91199,-0.06366,0.40533,0.00024
0.91199,-0.06372,0.40527,0.00024
0.91199,-0.06378,0.40527,0.00031
0.91199,-0.06378,0.40527,0.00031
0.91199,-0.06378,0.40527,0.00031
0.91199,-0.06384,0.40527,0.00024
0.91199,-0.06390,0.40527,0.00024
0.91199,-0.06390,0.40527,0.00018
0.91199,-0.06396,0.40527,0.00018
0.91199,-0.06396,0.40527,0.00012
0.91199,-0.06403,0.40527,0.00006
0.91199,-0.06403,0.40527,0.00006
0.91193,-0.06409,0.40527,0.00000
0.91193,-0.06409,0.40527,-0.00006
0.91193,-0.06409,0.40533,-0.00018
0.91193,-0.06409,0.40533,-0.00024
0.91193,-0.06409,0.40533,-0.00031
0.91187,-0.06415,0.40540,-0.00037
0.91187,-0.06421,0.40546,-0.00049
0.91187,-0.06421,0.40546,-0.00055
0.91180,-0.06427,0.40552,-0.00061
0.91180,-0.06427,0.40558,-0.00067
0.91180,-0.06433,0.40558,-0.00073
0.91174,-0.06433,0.40564,-0.00085
0.91174,-0.06433,0.40570,-0.00092
0.91174,-0.06433,0.40576,-0.00098
0.91168,-0.06433,0.40582,-0.00110
0.91162,-0.06439,0.40588,-0.00116
0.91162,-0.06439,0.40601,-0.00122
0.91156,-0.06439,0.40607,-0.00128
0.91156,-0.06439,0.40613,-0.00134
0.91150,-0.06445,0.40619,-0.00140
0.91150,-0.06445,0.40625,-0.00146
0.91144,-0.06451,0.40631,-0.00153
0.91144,-0.06451,0.40643,-0.00159
0.91138,-0.06458,0.40649,-0.00165
0.91132,-0.06458,0.40656,-0.00171
0.91132,-0.06464,0.40662,-0.00171
0.91125,-0.06470,0.40668,-0.00177
0.91125,-0.06470,0.40674,-0.00183
0.91119,-0.06470,0.40680,-0.00183
0.91119,-0.06476,0.40686,-0.00183
0.91113,-0.06476,0.40692,-0.00183
0.91113,-0.06476,0.40698,-0.00189
0.91113,-0.06476,0.40704,-0.00189
0.91107,-0.06476,0.40710,-0.00189
0.91107,-0.06476,0.40717,-0.00183
0.91101,-0.06476,0.40723,-0.00183
0.91101,-0.06470,0.40729,-0.00183
0.91101,-0.06470,0.40729,-0.00183
0.91101,-0.06470,0.40735,-0.00183
0.91095,-0.06470,0.40735,-0.00183
0.91095,-0.06470,0.40735,-0.00183
0.91095,-0.06470,0.40741,-0.00189
0.91095,-0.06470,0.40741,-0.00189
0.91095,-0.06470,0.40741,-0.00195
0.91095,-0.06470,0.40747,-0.00208
0.91089,-0.06470,0.40747,-0.00208
0.91089,-0.06470,0.40753,-0.00214
0.91089,-0.06470,0.40753,-0.00220
0.91089,-0.06470,0.40759,-0.00220
0.91089,-0.06470,0.40759,-0.00226
0.91083,-0.06470,0.40759,-0.00226
0.91083,-0.06470,0.40765,-0.00220
0.91083,-0.06470,0.40765,-0.00220
0.91083,-0.06470,0.40771,-0.00214
0.91083,-0.06470,0.40771,-0.00208
0.91083,-0.06470,0.40771,-0.00195
0.91083,-0.06470,0.40771,-0.00189
0.91083,-0.06470,0.40771,-0.00183
0.91083,-0.06470,0.40771,-0.00177
0.91083,-0.06470,0.40771,-0.00171
0.91083,-0.06470,0.40771,-0.00165
0.91083,-0.06470,0.40771,-0.00159
0.91083,-0.06470,0.40771,-0.00159
0.91083,-0.06470,0.40765,-0.00153
0.91083,-0.06470,0.40765,-0.00153
0.91083,-0.06470,0.40765,-0.00153
0.91089,-0.06470,0.40759,-0.00146
0.91089,-0.06470,0.40753,-0.00146
0.91089,-0.06476,0.40753,-0.00146
0.91089,-0.06476,0.40747,-0.00146
0.91095,-0.06482,0.40747,-0.00153
0.91095,-0.06482,0.40735,-0.00153
0.91095,-0.06488,0.40735,-0.00153
0.91101,-0.06488,0.40729,-0.00159
0.91101,-0.06488,0.40723,-0.00159
0.91107,-0.06488,0.40717,-0.00159
0.91107,-0.06494,0.40710,-0.00165
0.91107,-0.06494,0.40710,-0.00165
0.91107,-0.06500,0.40704,-0.00165
0.91113,-0.06500,0.40704,-0.00159
0.91113,-0.06500,0.40698,-0.00159
0.91113,-0.06500,0.40692,-0.00159
0.91113,-0.06500,0.40692,-0.00159
0.91119,-0.06494,0.40686,-0.00153
0.91119,-0.06494,0.40686,-0.00153
0.91119,-0.06494,0.40680,-0.00146
0.91125,-0.06488,0.40674,-0.00146
0.91125,-0.06488,0.40668,-0.00140
0.91125,-0.06494,0.40668,-0.00134
0.91132,-0.06494,0.40662,-0.00128
0.91132,-0.06494,0.40656,-0.00122
0.91132,-0.06494,0.40649,-0.00116
0.91138,-0.06494,0.40643,-0.00116
0.91144,-0.06494,0.40637,-0.00116
0.91144,-0.06494,0.40625,-0.00116
0.91150,-0.06500,0.40619,-0.00116
0.91150,-0.06506,0.40613,-0.00116
0.91156,-0.06512,0.40607,-0.00116
0.91156,-0.06525,0.40594,-0.00116
0.91162,-0.06525,0.40588,-0.00122
0.91162,-0.06531,0.40576,-0.00122
0.91162,-0.06543,0.40570,-0.00128
0.91168,-0.06549,0.40564,-0.00128
0.91168,-0.06561,0.40558,-0.00134
0.91168,-0.06573,0.40552,-0.00134
0.91174,-0.06573,0.40552,-0.00134
0.91174,-0.06580,0.40546,-0.00134
0.91174,-0.06580,0.40540,-0.00140
0.91174,-0.06586,0.40540,-0.00134
0.91180,-0.06586,0.40527,-0.00134
0.91180,-0.06592,0.40527,-0.00134
0.91187,-0.06592,0.40521,-0.00134
0.91187,-0.06592,0.40515,-0.00128
0.91193,-0.06592,0.40509,-0.00122
0.91193,-0.06592,0.40497,-0.00122
0.91193,-0.06592,0.40497,-0.00116
0.91199,-0.06598,0.40485,-0.00110
0.91205,-0.06598,0.40472,-0.00104
0.91205,-0.06598,0.40466,-0.00098
0.91211,-0.06604,0.40460,-0.00092
0.91217,-0.06604,0.40448,-0.00092
0.91217,-0.06604,0.40442,-0.00085
0.91223,-0.06604,0.40430,-0.00079
0.91229,-0.06604,0.40424,-0.00079
0.91229,-0.06610,0.40417,-0.00073
0.91235,-0.06610,0.40411,-0.00067
0.91235,-0.06610,0.40405,-0.00067
0.91241,-0.06610,0.40393,-0.00061
0.91241,-0.06616,0.40387,-0.00061
0.91248,-0.06616,0.40381,-0.00061
0.91248,-0.06616,0.40375,-0.00061
0.91248,-0.06616,0.40369,-0.00061
0.91254,-0.06616,0.40363,-0.00061
0.91254,-0.06616,0.40356,-0.00067
0.91260,-0.06616,0.40338,-0.00073
0.91266,-0.06622,0.40338,-0.00079
0.91266,-0.06622,0.40332,-0.00079
0.91272,-0.06622,0.40320,-0.00085
0.91272,-0.06628,0.40314,-0.00092
0.91278,-0.06628,0.40302,-0.00098
0.91278,-0.06628,0.40295,-0.00098
0.91284,-0.06628,0.40295,-0.00098
0.91284,-0.06635,0.40283,-0.00098
0.91290,-0.06635,0.40277,-0.00092
0.91296,-0.06635,0.40265,-0.00085
0.91296,-0.06635,0.40259,-0.00085
0.91296,-0.06635,0.40259,-0.00079
0.91302,-0.06628,0.40247,-0.00073
0.91302,-0.06628,0.40240,-0.00067
0.91309,-0.06622,0.40234,-0.00061
0.91315,-0.06622,0.40228,-0.00055
0.91315,-0.06616,0.40222,-0.00049
0.91321,-0.06616,0.40216,-0.00043
0.91321,-0.06616,0.40210,-0.00043
0.91327,-0.06616,0.40198,-0.00037
0.91327,-0.06610,0.40198,-0.00037
0.91327,-0.06616,0.40192,-0.00037
0.91333,-0.06610,0.40186,-0.00043
0.91333,-0.06610,0.40179,-0.00043
0.91333,-0.06610,0.40179,-0.00043
0.91339,-0.06610,0.40173,-0.00049
0.91339,-0.06610,0.40167,-0.00049
0.91339,-0.06610,0.40167,-0.00055
0.91339,-0.06610,0.40167,-0.00055
0.91339,-0.06610,0.40161,-0.00061
0.91339,-0.06610,0.40161,-0.00061
0.91345,-0.06610,0.40161,-0.00061
0.91345,-0.06610,0.40161,-0.00055
0.91345,-0.06610,0.40161,-0.00055
0.91345,-0.06604,0.40161,-0.00049
0.91345,-0.06604,0.40161,-0.00043
0.91345,-0.06604,0.40161,-0.00043
0.91345,-0.06610,0.40155,-0.00037
0.91345,-0.06604,0.40155,-0.00031
0.91345,-0.06604,0.40155,-0.00024
0.91345,-0.06604,0.40155,-0.00024
0.91345,-0.06604,0.40155,-0.00018
0.91345,-0.06598,0.40155,-0.00012
0.91345,-0.06598,0.40155,-0.00012
0.91345,-0.06598,0.40155,-0.00006
0.91345,-0.06598,0.40155,0.00000
0.91345,-0.06598,0.40155,0.00000
0.91345,-0.06598,0.40155,0.00006
0.91345,-0.06598,0.40155,0.00006
0.91345,-0.06598,0.40155,0.00006
0.91345,-0.06598,0.40155,0.00006
0.91345,-0.06598,0.40155,0.00006
0.91345,-0.06598,0.40149,0.00006
0.91345,-0.06598,0.40149,0.00006
0.91351,-0.06598,0.40149,0.00006
0.91351,-0.06598,0.40149,0.00000
0.91351,-0.06598,0.40143,0.00000
0.91351,-0.06598,0.40143,0.00000
0.91351,-0.06598,0.40143,-0.00006
0.91351,-0.06598,0.40137,-0.00012
0.91351,-0.06598,0.40137,-0.00018
0.91357,-0.06598,0.40137,-0.00018
0.91357,-0.06598,0.40131,-0.00024
0.91357,-0.06592,0.40131,-0.00031
0.91357,-0.06592,0.40131,-0.00037
0.91357,-0.06592,0.40125,-0.00037
0.91364,-0.06592,0.40118,-0.00043
0.91364,-0.06592,0.40118,-0.00043
0.91364,-0.06586,0.40112,-0.00049
0.91364,-0.06592,0.40112,-0.00049
0.91370,-0.06586,0.40106,-0.00055
0.91370,-0.06586,0.40106,-0.00055
0.91370,-0.06586,0.40100,-0.00061
0.91370,-0.06586,0.40100,-0.00061
0.91376,-0.06586,0.40094,-0.00061
0.91376,-0.06586,0.40088,-0.00067
0.91382,-0.06586,0.40082,-0.00073
0.91382,-0.06580,0.40082,-0.00073
0.91382,-0.06580,0.40076,-0.00079
0.91382,-0.06580,0.40076,-0.00079
0.91388,-0.06580,0.40070,-0.00085
0.91388,-0.06580,0.40063,-0.00092
0.91388,-0.06580,0.40063,-0.00092
0.91388,-0.06580,0.40057,-0.00098
0.91388,-0.06580,0.40057,-0.00104
0.91394,-0.06580,0.40051,-0.00110
0.91394,-0.06580,0.40051,-0.00116
0.91394,-0.06580,0.40051,-0.00116
0.91394,-0.06586,0.40045,-0.00122
0.91394,-0.06586,0.40045,-0.00128
0.91394,-0.06586,0.40039,-0.00134
0.91394,-0.06592,0.40039,-0.00140
0.91400,-0.06592,0.40039,-0.00140
0.91400,-0.06592,0.40039,-0.00146
0.91400,-0.06598,0.40033,-0.00153
0.91400,-0.06598,0.40033,-0.00159
0.91400,-0.06604,0.40033,-0.00159
0.91400,-0.06604,0.40027,-0.00165
0.91400,-0.06610,0.40027,-0.00171
0.91400,-0.06610,0.40021,-0.00177
0.91406,-0.06610,0.40021,-0.00183
0.91406,-0.06610,0.40021,-0.00183
0.91406,-0.06616,0.40021,-0.00189
0.91406,-0.06616,0.40015,-0.00195
0.91406,-0.06622,0.40015,-0.00195
0.91406,-0.06622,0.40015,-0.00201
0.91406,-0.06622,0.40015,-0.00201
0.91406,-0.06622,0.40015,-0.00201
0.91406,-0.06622,0.40015,-0.00201
0.91406,-0.06622,0.40015,-0.00201
0.91406,-0.06622,0.40015,-0.00201
0.91406,-0.06622,0.40015,-0.00195
0.91406,-0.06622,0.40021,-0.00189
0.91406,-0.06622,0.40021,-0.00183
0.91400,-0.06622,0.40021,-0.00177
0.91400,-0.06622,0.40027,-0.00171
0.91400,-0.06616,0.40033,-0.00165
0.91400,-0.06616,0.40033,-0.00159
0.91394,-0.06616,0.40039,-0.00159
0.91394,-0.06616,0.40045,-0.00159
0.91388,-0.06616,0.40051,-0.00159
0.91388,-0.06616,0.40057,-0.00165
0.91382,-0.06616,0.40063,-0.00171
0.91382,-0.06616,0.40070,-0.00177
0.91382,-0.06616,0.40076,-0.00177
0.91376,-0.06616,0.40076,-0.00189
0.91376,-0.06616,0.40082,-0.00189
0.91376,-0.06616,0.40088,-0.00195
0.91376,-0.06622,0.40088,-0.00195
0.91376,-0.06622,0.40088,-0.00201
0.91370,-0.06616,0.40094,-0.00208
0.91370,-0.06622,0.40094,-0.00214
0.91370,-0.06616,0.40094,-0.00220
0.91370,-0.06616,0.40094,-0.00226
0.91370,-0.06616,0.40094,-0.00226
0.91370,-0.06616,0.40094,-0.00238
0.91370,-0.06616,0.40094,-0.00244
0.91370,-0.06616,0.40094,-0.00250
0.91370,-0.06616,0.40094,-0.00256
0.91376,-0.06616,0.40088,-0.00262
0.91376,-0.06616,0.40088,-0.00275
0.91376,-0.06610,0.40082,-0.00281
0.91376,-0.06616,0.40082,-0.00293
0.91376,-0.06610,0.40076,-0.00299
0.91382,-0.06610,0.40076,-0.00305
0.91382,-0.06610,0.40070,-0.00311
0.91382,-0.06610,0.40070,-0.00317
0.91382,-0.06610,0.40070,-0.00323
0.91382,-0.06610,0.40063,-0.00330
0.91388,-0.06610,0.40057,-0.00330
0.91388,-0.06610,0.40057,-0.00336
0.91388,-0.06616,0.40057,-0.00336
0.91388,-0.06616,0.40057,-0.00342
0.91388,-0.06616,0.40051,-0.00348
0.91388,-0.06616,0.40051,-0.00348
0.91388,-0.06616,0.40051,-0.00354
0.91388,-0.06616,0.40045,-0.00360
0.91394,-0.06616,0.40045,-0.00366
0.91394,-0.06622,0.40045,-0.00366
0.91394,-0.06622,0.40039,-0.00372
0.91394,-0.06622,0.40033,-0.00378
0.91394,-0.06622,0.40033,-0.00378
0.91400,-0.06628,0.40033,-0.00385
0.91400,-0.06628,0.40027,-0.00391
0.91400,-0.06635,0.40021,-0.00397
0.91406,-0.06635,0.40015,-0.00403
0.91406,-0.06635,0.40015,-0.00409
0.91406,-0.06635,0.40009,-0.00409
0.91406,-0.06641,0.40009,-0.00415
0.91406,-0.06641,0.40002,-0.00421
0.91412,-0.06641,0.40002,-0.00427
0.91412,-0.06647,0.39996,-0.00427
0.91412,-0.06653,0.39996,-0.00433
0.91412,-0.06653,0.39996,-0.00439
0.91412,-0.06653,0.39990,-0.00439
0.91412,-0.06653,0.39990,-0.00439
0.91412,-0.06653,0.39990,-0.00446
0.91412,-0.06647,0.39996,-0.00446
0.91412,-0.06647,0.39996,-0.00446
0.91412,-0.06647,0.39996,-0.00446
0.91412,-0.06641,0.39996,-0.00446
0.91406,-0.06641,0.40002,-0.00452
0.91406,-0.06641,0.40002,-0.00452
0.91406,-0.06635,0.40009,-0.00452
0.91406,-0.06635,0.40009,-0.00452
0.91406,-0.06635,0.40015,-0.00452
0.91406,-0.06635,0.40015,-0.00452
0.91400,-0.06635,0.40021,-0.00452
0.91400,-0.06635,0.40021,-0.00452
0.91400,-0.06635,0.40027,-0.00452
0.91400,-0.06628,0.40027,-0.00452
0.91394,-0.06628,0.40033,-0.00452
0.91394,-0.06628,0.40033,-0.00452
0.91394,-0.06628,0.40039,-0.00452
0.91394,-0.06622,0.40039,-0.00452
0.91394,-0.06622,0.40045,-0.00452
0.91388,-0.06616,0.40051,-0.00446
0.91388,-0.06616,0.40051,-0.00446
