1101
1102
1216
1301
1303
1326
1402
1476
2002
2105
2207
2301
2303
2308
2311
2317
2324
2325
2330
2354
2357
2382
2395
2408
2409
2412
2454
2474
2801
2912
3008
3045
3481
4904
4938
6505
9904
1227
1232
1319
1434
1477
1504
1536
1537
1707
1717
1722
1909
2015
2101
2103
2106
2201
2204
2227
2313
2345
2347
2355
2356
2360
2376
2377
2379
2383
2385
2441
2449
2451
2501
2542
2606
2615
2903
2915
3010
3030
3034
3044
3189
3213
3231
3702
3706
5434
5471
5522
6115
6146
6176
6189
6192
6206
6224
6239
6269
6277
6279
6285
6286
8050
8255
8299
9907
9910
9914
9917
9921
9925
9930
9933
9938
9941
9942
9945
